Turin: 
	lat: 45.0677551,
	lon: 7.6824892

London:
	lat: 51.5073219,
	lon: -0.1276474

Rome:
	lat: 41.8933203,
	lon: 12.4829321